-18.758308