steps,returns
1000000,725.78125
2000000,2055.7812
3000000,223.98438
4000000,4171.6406
5000000,3338.9062
6000000,1754.5312
7000000,4798.75
8000000,4694.453
9000000,5141.4062
10000000,2361.6406
